Точность обучения:
0.6573518514633179
0.885351836681366
0.9217777848243713
0.9371481537818909
0.9440555572509766
0.9473147988319397
0.9502037167549133
0.9526296257972717
0.9549074172973633
0.9570000171661377
0.9573147892951965
0.9581296443939209
0.9579444527626038
0.9601481556892395
0.9590370655059814
0.9613518714904785
0.9620555639266968
0.9610740542411804
0.9626481533050537
0.9620000123977661
0.9628703594207764
0.9679814577102661
0.9705370664596558
0.9702777862548828
0.9688518643379211
0.9700185060501099
0.9693889021873474
0.9699629545211792
0.9709814786911011
0.9715926051139832
0.9691110849380493
0.9700000286102295
0.9704444408416748
0.9707407355308533
0.9701851606369019
0.9709073901176453
0.9700185060501099
0.9713147878646851
0.9709259271621704
0.9706296324729919
0.9715185165405273
0.971574068069458
0.9708703756332397
0.9711852073669434
0.9708333611488342
0.9715926051139832
0.9711666703224182
0.9715926051139832
0.9750370383262634
0.9768148064613342
0.9759814739227295
0.9771666526794434
0.9765926003456116
0.975851833820343
0.9763333201408386
0.9766296148300171
0.9758333563804626
0.9754815101623535
0.9763703942298889
0.975944459438324
0.9774444699287415
0.976277768611908
0.9761852025985718
0.9773889183998108
0.977222204208374
0.97688889503479
0.9766851663589478
0.9772037267684937
0.9766296148300171
0.9769074320793152
0.9764259457588196
0.9794259071350098
0.9795926213264465
0.9798333048820496
0.9798703789710999
0.9810740947723389
0.979888916015625
0.9804815053939819
0.9793703556060791
0.9797037243843079
0.9799259305000305
0.9802592396736145
0.9802777767181396
0.9794444441795349
0.9797407388687134
0.979796290397644
0.9807778000831604
0.980222225189209
0.9801852107048035
0.9815000295639038
0.9821666479110718
0.9827777743339539
0.9821851849555969
0.9824259281158447
0.9819814562797546
0.9821296334266663
0.9818148016929626
0.9819814562797546
0.981333315372467
0.9823148250579834
0.9821296334266663
0.9824814796447754
0.9823703765869141
0.9827777743339539
0.9829074144363403
0.9827407598495483
0.9827777743339539
0.9825184941291809
0.9826852083206177
0.9834814667701721
0.9827592372894287
0.9837777614593506
0.9829815030097961
0.9830926060676575
0.9819629788398743
0.9822962880134583
0.9825740456581116
0.9832407236099243
0.9829074144363403
0.983129620552063
0.9823703765869141
0.9835370182991028
0.9821666479110718
0.9835925698280334
0.9824073910713196
0.9841851592063904
0.9831110835075378
0.9819814562797546
0.9827407598495483
0.9828147888183594
0.9830740690231323
0.9820185303688049
0.9831110835075378
0.9827777743339539
0.9829259514808655
0.9835555553436279
0.9826852083206177
0.9841296076774597
0.9834444522857666
0.982796311378479
0.9829074144363403
0.9828518629074097
0.9828703999519348
0.9827777743339539
0.9830185174942017
0.9826481342315674
0.9833148121833801
0.9829444289207458
0.9833889007568359
0.9834814667701721
0.9828518629074097
0.9840925931930542
0.9835370182991028
0.9839444160461426
0.9843518733978271
0.9844814538955688
0.9834259152412415
0.9836296439170837
0.9832777976989746
0.9842222332954407
0.9847592711448669
0.9842222332954407
0.9844814538955688
0.9849814772605896
0.9839629530906677
0.9851111173629761
0.9841481447219849
0.9849629402160645
0.9843703508377075
0.9847037196159363
0.9836851954460144
0.9845555424690247
0.9844444394111633
0.9846110939979553
0.9856851696968079
0.9849814772605896
0.9852592349052429
0.9848333597183228
0.9856666922569275
0.9863333106040955
0.985537052154541
0.9854999780654907
0.9857592582702637
0.9854629635810852
0.9850000143051147
0.9843518733978271
0.9851852059364319
0.9856111407279968
0.9853333234786987
0.986129641532898
0.9848333597183228
0.985870361328125
0.9854259490966797
0.9853333234786987
0.9854444265365601
0.9861666560173035
0.9853333234786987
0.9856481552124023
0.9862592816352844
0.986037015914917

Точность валидации:
0.5740000009536743
0.9725000262260437
0.9778333306312561
0.9803333282470703
0.981333315372467
0.9796666502952576
0.9848333597183228
0.984000027179718
0.9833333492279053
0.9816666841506958
0.9731666445732117
0.981166660785675
0.9854999780654907
0.9858333468437195
0.9826666712760925
0.987500011920929
0.9800000190734863
0.984000027179718
0.9823333621025085
0.9800000190734863
0.9856666922569275
0.9918333292007446
0.9878333210945129
0.9883333444595337
0.9891666769981384
0.9838333129882812
0.987500011920929
0.9860000014305115
0.9878333210945129
0.9891666769981384
0.9863333106040955
0.9868333339691162
0.9869999885559082
0.9868333339691162
0.9851666688919067
0.9884999990463257
0.9881666898727417
0.9886666536331177
0.9878333210945129
0.9866666793823242
0.9894999861717224
0.9890000224113464
0.9888333082199097
0.9896666407585144
0.9865000247955322
0.9851666688919067
0.9883333444595337
0.9861666560173035
0.9888333082199097
0.9888333082199097
0.9883333444595337
0.9906666874885559
0.9869999885559082
0.9909999966621399
0.9884999990463257
0.9888333082199097
0.9879999756813049
0.9898333549499512
0.9894999861717224
0.9908333420753479
0.9893333315849304
0.9886666536331177
0.9884999990463257
0.9898333549499512
0.9863333106040955
0.9893333315849304
0.9883333444595337
0.9890000224113464
0.9878333210945129
0.9881666898727417
0.9891666769981384
0.9906666874885559
0.9908333420753479
0.9891666769981384
0.9890000224113464
0.9901666641235352
0.9901666641235352
0.9916666746139526
0.9909999966621399
0.9919999837875366
0.9903333187103271
0.9888333082199097
0.9904999732971191
0.9925000071525574
0.9909999966621399
0.9906666874885559
0.9911666512489319
0.9898333549499512
0.9906666874885559
0.9908333420753479
0.9913333058357239
0.9904999732971191
0.9925000071525574
0.9915000200271606
0.9921666383743286
0.9919999837875366
0.9921666383743286
0.9933333396911621
0.9923333525657654
0.9906666874885559
0.9919999837875366
0.9915000200271606
0.9921666383743286
0.9915000200271606
0.9918333292007446
0.9918333292007446
0.9908333420753479
0.9909999966621399
0.9913333058357239
0.9919999837875366
0.9909999966621399
0.9916666746139526
0.9913333058357239
0.9925000071525574
0.9916666746139526
0.9911666512489319
0.9913333058357239
0.9901666641235352
0.9911666512489319
0.9921666383743286
0.9918333292007446
0.9913333058357239
0.9908333420753479
0.9908333420753479
0.9916666746139526
0.9903333187103271
0.9911666512489319
0.9928333163261414
0.9908333420753479
0.9913333058357239
0.9923333525657654
0.9906666874885559
0.9916666746139526
0.9909999966621399
0.9918333292007446
0.9916666746139526
0.9913333058357239
0.9911666512489319
0.9919999837875366
0.9925000071525574
0.9921666383743286
0.9919999837875366
0.9915000200271606
0.9903333187103271
0.9911666512489319
0.9923333525657654
0.9906666874885559
0.9913333058357239
0.9918333292007446
0.9898333549499512
0.9915000200271606
0.9921666383743286
0.9908333420753479
0.9915000200271606
0.9923333525657654
0.9909999966621399
0.9909999966621399
0.9916666746139526
0.9919999837875366
0.9919999837875366
0.9916666746139526
0.9913333058357239
0.9918333292007446
0.9919999837875366
0.9918333292007446
0.9908333420753479
0.9928333163261414
0.9915000200271606
0.9915000200271606
0.9913333058357239
0.9909999966621399
0.9911666512489319
0.9916666746139526
0.9913333058357239
0.9908333420753479
0.9918333292007446
0.9919999837875366
0.9915000200271606
0.9921666383743286
0.9918333292007446
0.9911666512489319
0.9921666383743286
0.9918333292007446
0.9918333292007446
0.9919999837875366
0.9918333292007446
0.9916666746139526
0.9921666383743286
0.9913333058357239
0.9918333292007446
0.9918333292007446
0.9916666746139526
0.9919999837875366
0.9918333292007446
0.9918333292007446
0.9916666746139526
0.9918333292007446
0.9921666383743286
0.9919999837875366
0.9919999837875366

Потери обучения:
1.5474761724472046
0.8297387361526489
0.6750436425209045
0.5890026092529297
0.5331278443336487
0.4988042414188385
0.4729909300804138
0.4574797749519348
0.44346439838409424
0.4379604458808899
0.4333203136920929
0.43051064014434814
0.4256219267845154
0.4175463318824768
0.41732215881347656
0.41202935576438904
0.4092389941215515
0.4096149504184723
0.4037686288356781
0.40482932329177856
0.3978289067745209
0.36361169815063477
0.33499079942703247
0.3219815790653229
0.3205062448978424
0.3114362955093384
0.30921471118927
0.30357739329338074
0.29989171028137207
0.29593732953071594
0.3010137677192688
0.2972003221511841
0.2914036810398102
0.28871992230415344
0.28860166668891907
0.2838146388530731
0.2859456539154053
0.2841150462627411
0.28378456830978394
0.28306156396865845
0.28069475293159485
0.2778788208961487
0.28102636337280273
0.27771106362342834
0.27880457043647766
0.27788934111595154
0.2801971733570099
0.27668333053588867
0.25590309500694275
0.24185526371002197
0.23474285006523132
0.2276444286108017
0.2276708483695984
0.22568251192569733
0.2214304357767105
0.2184695303440094
0.21806326508522034
0.21941572427749634
0.2136376053094864
0.21641167998313904
0.2105102837085724
0.2151680290699005
0.21207360923290253
0.20931607484817505
0.2084401696920395
0.20789599418640137
0.20963981747627258
0.20695574581623077
0.20615093410015106
0.20400267839431763
0.20789095759391785
0.19472786784172058
0.1871216595172882
0.1853313446044922
0.18094654381275177
0.17697341740131378
0.17727699875831604
0.17323964834213257
0.17586570978164673
0.1732928305864334
0.1719641536474228
0.17034943401813507
0.1682927906513214
0.1679600328207016
0.16651618480682373
0.1662662923336029
0.16511578857898712
0.1652652770280838
0.16474978625774384
0.16027283668518066
0.1550445407629013
0.15114782750606537
0.15095315873622894
0.15073774755001068
0.14858433604240417
0.14768630266189575
0.14847739040851593
0.14813479781150818
0.14594970643520355
0.14446599781513214
0.14362046122550964
0.14427927136421204
0.14096009731292725
0.13980315625667572
0.13966651260852814
0.1382090300321579
0.14004768431186676
0.13955435156822205
0.13905341923236847
0.13520124554634094
0.13835231959819794
0.13391734659671783
0.13705217838287354
0.13650964200496674
0.13757051527500153
0.13642263412475586
0.13649161159992218
0.13317503035068512
0.13402996957302094
0.1320011466741562
0.13754406571388245
0.1338273137807846
0.13429906964302063
0.1313065141439438
0.13382066786289215
0.12930828332901
0.1324375718832016
0.13284893333911896
0.13158352673053741
0.13099567592144012
0.12955646216869354
0.13196302950382233
0.12971720099449158
0.13006223738193512
0.13069860637187958
0.12831848859786987
0.13051430881023407
0.12669292092323303
0.12814569473266602
0.1281890571117401
0.12892070412635803
0.1284063756465912
0.12985332310199738
0.12796898186206818
0.12802982330322266
0.1290508359670639
0.12722690403461456
0.1276881992816925
0.12707792222499847
0.12683071196079254
0.12766051292419434
0.12403291463851929
0.12245696038007736
0.12243299931287766
0.12202638387680054
0.11985030770301819
0.11991912871599197
0.11948011070489883
0.11830034852027893
0.11744898557662964
0.11899205297231674
0.11662784218788147
0.11676657199859619
0.11423055082559586
0.11499525606632233
0.11381180584430695
0.11575153470039368
0.11320210248231888
0.11609068512916565
0.11333002150058746
0.11491356790065765
0.11345911026000977
0.1116190105676651
0.11088269203901291
0.11014360934495926
0.11060301959514618
0.1101708859205246
0.1102335974574089
0.10761763900518417
0.10771527141332626
0.10876534134149551
0.1087137833237648
0.10758452862501144
0.10570937395095825
0.10722599178552628
0.10923272371292114
0.10590723901987076
0.10684319585561752
0.10748935490846634
0.10374361276626587
0.10721539705991745
0.10372234880924225
0.10496658831834793
0.10533473640680313
0.10578569024801254
0.10357382893562317
0.1047620102763176
0.10393775254487991
0.10362439602613449
0.10214120149612427

Потери валидации:
1.9745128154754639
0.5386731624603271
0.4796850085258484
0.4296686053276062
0.3998963534832001
0.38400524854660034
0.3586871027946472
0.35387352108955383
0.35186120867729187
0.3547612428665161
0.37971004843711853
0.3477427661418915
0.33976882696151733
0.33216843008995056
0.3361660838127136
0.32662704586982727
0.3509655296802521
0.33475461602211
0.3403041362762451
0.3432369828224182
0.33163315057754517
0.2790752649307251
0.27229073643684387
0.2612139880657196
0.2541074752807617
0.26138442754745483
0.2502810060977936
0.24782167375087738
0.2395317405462265
0.23513950407505035
0.2431955337524414
0.23708713054656982
0.23658022284507751
0.2338285595178604
0.24534118175506592
0.2277545928955078
0.22752946615219116
0.2264677882194519
0.22840668261051178
0.23251430690288544
0.22234804928302765
0.2208881378173828
0.2177620381116867
0.2202850878238678
0.22942186892032623
0.2264665961265564
0.22460214793682098
0.22495871782302856
0.20207609236240387
0.19435591995716095
0.19092753529548645
0.18221504986286163
0.18793001770973206
0.17543888092041016
0.17915759980678558
0.1785307675600052
0.18119879066944122
0.17286838591098785
0.17108166217803955
0.16757117211818695
0.17000634968280792
0.17265132069587708
0.16940447688102722
0.16559256613254547
0.16958624124526978
0.1654840111732483
0.17001424729824066
0.16753466427326202
0.1657167226076126
0.16850954294204712
0.16617664694786072
0.15537334978580475
0.15072734653949738
0.14964106678962708
0.14710105955600739
0.1432177573442459
0.14315126836299896
0.13991698622703552
0.13963623344898224
0.13528580963611603
0.1373114138841629
0.13788561522960663
0.13532592356204987
0.13047274947166443
0.13280048966407776
0.1336916983127594
0.13136719167232513
0.13195830583572388
0.13197247684001923
0.12669433653354645
0.12345509976148605
0.1234792098402977
0.1204589307308197
0.12011972069740295
0.1173984482884407
0.1166396364569664
0.1161603257060051
0.11445067077875137
0.11555907875299454
0.11807131767272949
0.11335021257400513
0.11441364884376526
0.1134437769651413
0.11238693445920944
0.11193489283323288
0.11147567629814148
0.11109042167663574
0.11034905165433884
0.10875765979290009
0.11049821227788925
0.1076129898428917
0.10769179463386536
0.10846628993749619
0.10729493200778961
0.10649220645427704
0.1077716052532196
0.10762190073728561
0.10667305439710617
0.10602187365293503
0.1042398139834404
0.10477180778980255
0.10580470412969589
0.10587529838085175
0.10398422926664352
0.10453038662672043
0.10682656615972519
0.10612162947654724
0.10323738306760788
0.10638795793056488
0.1037413626909256
0.10350584238767624
0.10414058715105057
0.10250027477741241
0.10466265678405762
0.10286907106637955
0.10185880213975906
0.10265704244375229
0.10349194705486298
0.09972626715898514
0.10004439204931259
0.1008513867855072
0.09947266429662704
0.0990072637796402
0.1021665632724762
0.10121304541826248
0.09760523587465286
0.10253483802080154
0.10018559545278549
0.10012137144804001
0.100606270134449
0.10105625540018082
0.09957519173622131
0.09995365142822266
0.1002218946814537
0.09679602086544037
0.09666448086500168
0.09587860852479935
0.09515121579170227
0.09267572313547134
0.09207078069448471
0.09367188811302185
0.09409591555595398
0.09271804988384247
0.0928969532251358
0.09101208299398422
0.09427734464406967
0.09062155336141586
0.09179948270320892
0.09090286493301392
0.09177899360656738
0.09156601876020432
0.09091110527515411
0.0907282829284668
0.09129322320222855
0.09062206745147705
0.08965713530778885
0.0887208953499794
0.08929435908794403
0.08866230398416519
0.08845020830631256
0.08905856311321259
0.08580261468887329
0.0865505039691925
0.08495618402957916
0.0857158675789833
0.08710908144712448
0.08558660745620728
0.08527231961488724
0.08582637459039688
0.08460481464862823
0.08511899411678314
0.08525703847408295
0.08458330482244492
0.08471787720918655
0.08461029827594757
0.08451030403375626
0.08471067249774933
0.08489996939897537
0.08445317298173904
0.08399707823991776
