Точность обучения:
0.6479259133338928
0.8740184903144836
0.9173703789710999
0.9323148131370544
0.9407777786254883
0.9448333382606506
0.9508703947067261
0.9523147940635681
0.9542592763900757
0.9563703536987305
0.9570370316505432
0.9587036967277527
0.9580740928649902
0.958907425403595
0.9608333110809326
0.9595184922218323
0.9602037072181702
0.9603888988494873
0.9618889093399048
0.9623703956604004
0.9622963070869446
0.9635740518569946
0.9640185236930847
0.962925910949707
0.9641110897064209
0.9628703594207764
0.96318519115448
0.9644259214401245
0.964296281337738
0.9642221927642822
0.9653888940811157
0.9646111130714417
0.9654444456100464
0.9650740623474121
0.964388906955719
0.967203676700592
0.9632962942123413
0.966259241104126
0.9650370478630066
0.9659073948860168
0.9661481380462646
0.9660184979438782
0.967129647731781
0.9650370478630066
0.9653148055076599
0.9669814705848694
0.9667962789535522
0.9669073820114136
0.9672407507896423
0.9669259190559387
0.9663147926330566
0.9659444689750671
0.9666851758956909
0.9668703675270081
0.9668889045715332
0.9670370221138
0.9656481742858887
0.9660000205039978
0.967629611492157
0.9667592644691467

Точность валидации:
0.6945000290870667
0.9651666879653931
0.9750000238418579
0.9786666631698608
0.9739999771118164
0.9819999933242798
0.9815000295639038
0.9801666736602783
0.984000027179718
0.9835000038146973
0.9818333387374878
0.9833333492279053
0.9825000166893005
0.9793333411216736
0.984000027179718
0.9854999780654907
0.9869999885559082
0.9831666946411133
0.9831666946411133
0.984499990940094
0.9860000014305115
0.984333336353302
0.98416668176651
0.9865000247955322
0.9883333444595337
0.987333357334137
0.9879999756813049
0.984333336353302
0.9884999990463257
0.984000027179718
0.9853333234786987
0.9858333468437195
0.9860000014305115
0.981166660785675
0.984000027179718
0.9848333597183228
0.984333336353302
0.9861666560173035
0.9826666712760925
0.9848333597183228
0.9826666712760925
0.9823333621025085
0.9823333621025085
0.9854999780654907
0.9861666560173035
0.9853333234786987
0.9869999885559082
0.9854999780654907
0.9851666688919067
0.9810000061988831
0.9865000247955322
0.981333315372467
0.984333336353302
0.9853333234786987
0.987666666507721
0.9861666560173035
0.9861666560173035
0.9871666431427002
0.9848333597183228
0.9854999780654907

Потери обучения:
1.5893827676773071
0.8634276390075684
0.695283830165863
0.6089704632759094
0.548069179058075
0.5152133107185364
0.47947269678115845
0.46520334482192993
0.451229989528656
0.4396415054798126
0.4368588328361511
0.4299623370170593
0.4307056665420532
0.426863431930542
0.4147905111312866
0.4185390770435333
0.4147324562072754
0.41283339262008667
0.41145649552345276
0.4078272581100464
0.4069759249687195
0.39838963747024536
0.3974520266056061
0.3987368047237396
0.39274606108665466
0.3982909023761749
0.3990175127983093
0.3898279368877411
0.3894300162792206
0.3858148455619812
0.38092973828315735
0.3843437433242798
0.3799750506877899
0.37684571743011475
0.3824884593486786
0.366321325302124
0.3787328600883484
0.3708755373954773
0.3698207139968872
0.36831700801849365
0.3678591251373291
0.36524176597595215
0.36040154099464417
0.36720728874206543
0.36780595779418945
0.35833629965782166
0.35856667160987854
0.3581806421279907
0.35055896639823914
0.35282695293426514
0.357580304145813
0.35957586765289307
0.3570414185523987
0.3526846170425415
0.3503732681274414
0.3530791997909546
0.35440483689308167
0.35132789611816406
0.3464965522289276
0.34930917620658875

Потери валидации:
1.3832966089248657
0.5648285150527954
0.49108895659446716
0.43750420212745667
0.4234996736049652
0.3796350061893463
0.37281912565231323
0.36845943331718445
0.3528737425804138
0.3478267788887024
0.3516203761100769
0.34510326385498047
0.3499968945980072
0.3536463975906372
0.3395134210586548
0.3340306878089905
0.3316155672073364
0.34175190329551697
0.34005123376846313
0.33524543046951294
0.3277886211872101
0.3270686864852905
0.32926538586616516
0.32778534293174744
0.3139491677284241
0.3229753077030182
0.3194887638092041
0.3213653862476349
0.31169742345809937
0.3201579451560974
0.3192994296550751
0.30953556299209595
0.31004762649536133
0.32178419828414917
0.30977582931518555
0.3055112361907959
0.3098563551902771
0.30273547768592834
0.30550292134284973
0.30161410570144653
0.31309759616851807
0.30789420008659363
0.3088586926460266
0.3066326081752777
0.2985455095767975
0.29567116498947144
0.289238840341568
0.2932673692703247
0.2920369505882263
0.3019093871116638
0.2891234755516052
0.30446434020996094
0.2951826751232147
0.2900143563747406
0.27828115224838257
0.2871679961681366
0.2889346182346344
0.2885541319847107
0.2812331020832062
0.2910046875476837
