Точность обучения:
0.8425740599632263
0.8879444599151611
0.9002407193183899
0.9044814705848694
0.9087592363357544
0.9106666445732117
0.9098888635635376
0.9131481647491455
0.9161481261253357
0.9154999852180481
0.9146666526794434
0.9156110882759094
0.9169259071350098
0.9169259071350098
0.9178703427314758
0.9178518652915955
0.9176296591758728
0.9185925722122192
0.9174259305000305
0.9185370206832886
0.9191851615905762
0.9182407259941101
0.9191666841506958
0.9191481471061707
0.91909259557724
0.9204259514808655
0.9198518395423889
0.9200184941291809
0.9189074039459229
0.9210185408592224

Точность валидации:
0.9113333225250244
0.9355000257492065
0.9325000047683716
0.9443333148956299
0.9478333592414856
0.9458333253860474
0.95333331823349
0.9513333439826965
0.9484999775886536
0.9496666789054871
0.950166642665863
0.9484999775886536
0.949833333492279
0.950166642665863
0.9493333101272583
0.9486666917800903
0.9318333268165588
0.9458333253860474
0.9536666870117188
0.9523333311080933
0.9509999752044678
0.9441666603088379
0.9491666555404663
0.9536666870117188
0.9388333559036255
0.9488333463668823
0.9490000009536743
0.9511666893959045
0.9511666893959045
0.9521666765213013
