Точность обучения:
0.8881666660308838
0.9430370330810547
0.9501481652259827
0.9541851878166199
0.9566481709480286
0.9589444398880005
0.9598333239555359
0.9617962837219238
0.9604814648628235
0.9632407426834106
0.9632962942123413
0.9623703956604004
0.9625740647315979
0.9638888835906982
0.9624814987182617
0.9642221927642822
0.9636852145195007
0.9638703465461731
0.9633703827857971
0.9638333320617676
0.9645370244979858
0.9642407298088074
0.9639074206352234
0.963962972164154
0.9651481509208679

Точность валидации:
0.953499972820282
0.9616666436195374
0.968666672706604
0.9696666598320007
0.9751666784286499
0.9739999771118164
0.9754999876022339
0.9741666913032532
0.9706666469573975
0.9738333225250244
0.9745000004768372
0.9771666526794434
0.9748333096504211
0.9764999747276306
0.9761666655540466
0.9773333072662354
0.9735000133514404
0.9760000109672546
0.9743333458900452
0.9785000085830688
0.9764999747276306
0.9783333539962769
0.9776666760444641
0.9761666655540466
0.9769999980926514
