Точность обучения:
0.8895555734634399
0.921574056148529
0.9289814829826355
0.9317222237586975
0.9346481561660767
0.9370185136795044
0.9376481771469116
0.9386481642723083
0.9399999976158142
0.9410185217857361
0.94220370054245
0.9423148036003113
0.9427407383918762
0.9442036747932434
0.9443703889846802
0.945388913154602
0.9452221989631653
0.9450926184654236
0.9455000162124634
0.9471666812896729
0.9459629654884338
0.9453333616256714
0.9461110830307007
0.9464259147644043
0.9461110830307007
0.9480925798416138
0.9472222328186035
0.9486111402511597
0.9486111402511597
0.9489259123802185

Точность валидации:
0.9210000038146973
0.9278333187103271
0.9290000200271606
0.9325000047683716
0.9394999742507935
0.937666654586792
0.9399999976158142
0.9398333430290222
0.9356666803359985
0.9431666731834412
0.934499979019165
0.9461666941642761
0.940833330154419
0.9394999742507935
0.9426666498184204
0.9340000152587891
0.9470000267028809
0.9445000290870667
0.9523333311080933
0.9423333406448364
0.9508333206176758
0.9438333511352539
0.9470000267028809
0.9453333616256714
0.9468333125114441
0.9481666684150696
0.9488333463668823
0.9506666660308838
0.9481666684150696
0.9456666707992554
