Точность обучения:
0.9268703460693359
0.9677592515945435
0.977314829826355
0.9816111326217651
0.9855185151100159
0.9885925650596619
0.9905925989151001
0.9910370111465454
0.9930185079574585
0.9938333630561829
0.9944999814033508
0.9944259524345398
0.9946666955947876
0.9957777857780457
0.996055543422699
0.9956111311912537
0.9964444637298584
0.9969444274902344
0.9958148002624512
0.9964073896408081
0.9977037310600281
0.9967222213745117
0.9971851706504822
0.9968888759613037
0.9975185394287109
0.9975000023841858
0.9977777600288391
0.9978888630867004
0.9973333477973938
0.9977222084999084

Точность валидации:
0.9580000042915344
0.965833306312561
0.9736666679382324
0.9745000004768372
0.9678333401679993
0.9766666889190674
0.9725000262260437
0.9743333458900452
0.9773333072662354
0.9789999723434448
0.9763333201408386
0.9750000238418579
0.9766666889190674
0.9791666865348816
0.9776666760444641
0.9815000295639038
0.9794999957084656
0.9766666889190674
0.981166660785675
0.9823333621025085
0.9796666502952576
0.9776666760444641
0.9803333282470703
0.9818333387374878
0.9794999957084656
0.9804999828338623
0.9796666502952576
0.9804999828338623
0.9818333387374878
0.9796666502952576
