Точность обучения:
0.8924999833106995
0.9493333101272583
0.9612777829170227
0.9649999737739563
0.969944417476654
0.9724444150924683
0.9760925769805908
0.9778333306312561
0.9775184988975525
0.9801296591758728
0.9808518290519714
0.9822777509689331
0.9820555448532104
0.9831481575965881
0.9839259386062622
0.9849073886871338
0.9848333597183228
0.9856851696968079
0.9854444265365601
0.9857962727546692
0.9865370392799377
0.9873889088630676
0.9863518476486206
0.9879814982414246
0.9868518710136414
0.9880926012992859
0.9888148307800293
0.9885370135307312
0.9889629483222961
0.9889444708824158

Точность валидации:
0.9595000147819519
0.9695000052452087
0.971666693687439
0.9736666679382324
0.9783333539962769
0.9778333306312561
0.9781666398048401
0.9773333072662354
0.9794999957084656
0.9796666502952576
0.9789999723434448
0.9791666865348816
0.9786666631698608
0.9818333387374878
0.9779999852180481
0.9804999828338623
0.9815000295639038
0.9821666479110718
0.9794999957084656
0.9810000061988831
0.9808333516120911
0.9825000166893005
0.981333315372467
0.9806666374206543
0.981333315372467
0.981166660785675
0.9794999957084656
0.9810000061988831
0.9798333048820496
0.9819999933242798
