Точность обучения:
0.883814811706543
0.9149629473686218
0.9248148202896118
0.9299073815345764
0.9329814910888672
0.9355555772781372
0.9360555410385132
0.9382036924362183
0.9394629597663879
0.9401481747627258
0.9407592415809631
0.9408518671989441
0.9435555338859558
0.9435926079750061
0.9434259533882141
0.9443888664245605
0.9445740580558777
0.9448518753051758
0.9457407593727112
0.9465925693511963
0.9446296095848083
0.9467592835426331
0.9469074010848999
0.9473333358764648
0.9468888640403748
0.9469814896583557
0.9475926160812378
0.9492407441139221
0.9488148093223572
0.9493518471717834
0.9493148326873779
0.9495740532875061
0.9487592577934265
0.9496296048164368
0.9493333101272583
0.9493148326873779
0.9492407441139221

Точность валидации:
0.9190000295639038
0.9226666688919067
0.934166669845581
0.9340000152587891
0.9340000152587891
0.9383333325386047
0.9381666779518127
0.9441666603088379
0.9446666836738586
0.9438333511352539
0.9396666884422302
0.9445000290870667
0.9509999752044678
0.9436666369438171
0.949833333492279
0.9448333382606506
0.9340000152587891
0.9363333582878113
0.9476666450500488
0.9453333616256714
0.9445000290870667
0.9418333172798157
0.9516666531562805
0.9441666603088379
0.9421666860580444
0.9465000033378601
0.9465000033378601
0.9401666522026062
0.9486666917800903
0.9503333568572998
0.9483333230018616
0.9520000219345093
0.9481666684150696
0.952833354473114
0.9513333439826965
0.952833354473114
0.9523333311080933
