Точность обучения:
0.8941666483879089
0.9497407674789429
0.9604814648628235
0.9665555357933044
0.9698148369789124
0.9728147983551025
0.9757592678070068
0.9774073958396912
0.979185163974762
0.9801111221313477
0.9810370206832886
0.9816481471061707
0.9829444289207458
0.9835185408592224
0.9842222332954407
0.984592616558075
0.984074056148529
0.9860185384750366
0.9860740900039673

Точность валидации:
0.9601666927337646
0.9661666750907898
0.9736666679382324
0.9775000214576721
0.9746666550636292
0.9775000214576721
0.9779999852180481
0.9798333048820496
0.9796666502952576
0.9806666374206543
0.9816666841506958
0.9816666841506958
0.9826666712760925
0.981333315372467
0.9819999933242798
0.9800000190734863
0.9818333387374878
0.9819999933242798
0.9829999804496765
