Точность обучения:
0.9272592663764954
0.9681666493415833
0.9773518443107605
0.981759250164032
0.9862407445907593
0.9885555505752563
0.9898889064788818
0.9922778010368347
0.99272221326828
0.993925929069519
0.9935370087623596
0.9951851963996887
0.9950555562973022

Точность валидации:
0.9586666822433472
0.971666693687439
0.9701666831970215
0.9741666913032532
0.9758333563804626
0.9761666655540466
0.9743333458900452
0.9786666631698608
0.9773333072662354
0.9768333435058594
0.9793333411216736
0.9776666760444641
0.9775000214576721
