Точность обучения:
0.9447222352027893
0.9745000004768372
0.978851854801178
0.9803147912025452
0.9817222356796265
0.9821296334266663
0.9833889007568359
0.9838703870773315
0.9837037324905396
0.9833333492279053
0.9848333597183228
0.9852036833763123
0.9852592349052429
0.9853518605232239
0.9851111173629761
0.9856851696968079
0.9862222075462341
0.9862037301063538
0.9861111044883728
0.9862592816352844
0.9861111044883728
0.9870185256004333
0.9864814877510071
0.9865740537643433
0.9862777590751648
0.9868703484535217
0.9864073991775513

Точность валидации:
0.9779999852180481
0.9789999723434448
0.9850000143051147
0.9850000143051147
0.984000027179718
0.984333336353302
0.9863333106040955
0.9851666688919067
0.984333336353302
0.9848333597183228
0.9853333234786987
0.9863333106040955
0.9879999756813049
0.9871666431427002
0.9869999885559082
0.987666666507721
0.9861666560173035
0.9869999885559082
0.9881666898727417
0.9879999756813049
0.9886666536331177
0.9881666898727417
0.9869999885559082
0.9878333210945129
0.9881666898727417
0.9865000247955322
0.9881666898727417
